%!PS-Adobe-3.0 EPSF
%%Title: Discriminant.eps 
%%Creator: Frank Sottile
%%Pages:  1
%%BoundingBox:  -240 -240 240 240 
%%EndComments
20 dict begin
gsave
%% %%        Definitions     %% %%
/m {moveto} def
/l {lineto} def
/Y /setcmykcolor where { %%ifelse Use built-in operator
       /setcmykcolor get
   }{ %%ifelse Emulate setcmykcolor with setrgbcolor
       { %%def
           1 sub 3 { %%repeat
               3 index add neg dup 0 lt { pop 0 } if 3 1 roll
           } repeat setrgbcolor
       } bind
  } ifelse def
/S {stroke} def
/NP {newpath} def
/P {gsave fill grestore reversepath stroke} def
%% %%    Starting  %% %%
0.1 0.1 scale
1 setlinejoin
1 setlinecap
%% %%   Pictures  %% %%
2 setlinewidth
[] 0 setdash [] 0 setdash
0    0    1    0 Y  %%  Yellow

NP  2000  500 m  2000  666 l  1950  672 l  1900  678 l  1850  685 l  1800  692 l  
   1750  700 l  1700  708 l  1650  717 l  1600  727 l  1550  738 l  1500  750 l  
   1450  763 l  1400  777 l  1350  794 l  1300  812 l  1250  833 l  1200  857 l  
   1150  884 l  1100  916 l  1050  954 l  1000  1000 l  1000  1000 l  1050  952 l  
   1100  909 l  1150  869 l  1200  833 l  1250  800 l  1300  769 l  1350  740 l  
   1400  714 l  1450  689 l  1500  666 l  1550  645 l  1600  625 l  1650  606 l  
   1700  588 l  1750  571 l  1800  555 l  1850  540 l  1900  526 l  1950  512 l  
   2000  500 l P
NP  500  2000 m   666  2000 l   672  1950 l   678  1900 l   685  1850 l   692  1800 l  
    700  1750 l   708  1700 l   717  1650 l   727  1600 l   738  1550 l   750  1500 l  
    763  1450 l   777  1400 l   794  1350 l   812  1300 l   833  1250 l   857  1200 l  
    884  1150 l   916  1100 l   954  1050 l  1000  1000 l  1000  1000 l   952  1050 l  
    909  1100 l   869  1150 l   833  1200 l   800  1250 l   769  1300 l   740  1350 l  
    714  1400 l   689  1450 l   666  1500 l   645  1550 l   625  1600 l   606  1650 l  
    588  1700 l   571  1750 l   555  1800 l   540  1850 l   526  1900 l   512  1950 l  
    500  2000 l P
NP -2000  -500 m  -2000  -666 l  -1950  -672 l  -1900  -678 l  -1850  -685 l  -1800  -692 l  
  -1750  -700 l  -1700  -708 l  -1650  -717 l  -1600  -727 l  -1550  -738 l  -1500  -750 l  
  -1450  -763 l  -1400  -777 l  -1350  -794 l  -1300  -812 l  -1250  -833 l  -1200  -857 l  
  -1150  -884 l  -1100  -916 l  -1050  -954 l  -1000 -1000 l  -1000 -1000 l  -1050  -952 l  
  -1100  -909 l  -1150  -869 l  -1200  -833 l  -1250  -800 l  -1300  -769 l  -1350  -740 l  
  -1400  -714 l  -1450  -689 l  -1500  -666 l  -1550  -645 l  -1600  -625 l  -1650  -606 l  
  -1700  -588 l  -1750  -571 l  -1800  -555 l  -1850  -540 l  -1900  -526 l  -1950  -512 l  
  -2000  -500 l P
NP  -500 -2000 m  -666 -2000 l  -672 -1950 l  -678 -1900 l  -685 -1850 l  -692 -1800 l  
   -700 -1750 l  -708 -1700 l  -717 -1650 l  -727 -1600 l  -738 -1550 l  -750 -1500 l  
   -763 -1450 l  -777 -1400 l  -794 -1350 l  -812 -1300 l  -833 -1250 l  -857 -1200 l  
   -884 -1150 l  -916 -1100 l  -954 -1050 l  -1000 -1000 l  -1000 -1000 l  -952 -1050 l  
   -909 -1100 l  -869 -1150 l  -833 -1200 l  -800 -1250 l  -769 -1300 l  -740 -1350 l  
   -714 -1400 l  -689 -1450 l  -666 -1500 l  -645 -1550 l  -625 -1600 l  -606 -1650 l  
   -588 -1700 l  -571 -1750 l  -555 -1800 l  -540 -1850 l  -526 -1900 l  -512 -1950 l  
   -500 -2000 l P
NP  2000  -167 m  2000  -166 l  1950  -170 l  1900  -175 l  1850  -180 l  1800  -185 l  
   1750  -190 l  1700  -196 l  1650  -202 l  1600  -208 l  1550  -215 l  1500  -222 l  
   1450  -229 l  1400  -238 l  1350  -246 l  1300  -256 l  1250  -266 l  1200  -277 l  
   1150  -289 l  1100  -303 l  1050  -317 l  1000  -333 l  1000  -333 l  1050  -338 l  
   1100  -343 l  1150  -348 l  1200  -352 l  1250  -357 l  1300  -361 l  1350  -364 l  
   1400  -368 l  1450  -371 l  1500  -375 l  1550  -378 l  1600  -380 l  1650  -383 l  
   1700  -386 l  1750  -388 l  1800  -391 l  1850  -393 l  1900  -395 l  1950  -397 l  
   2000  -400 l P
NP  -167  2000 m  -166  2000 l  -170  1950 l  -175  1900 l  -180  1850 l  -185  1800 l  
   -190  1750 l  -196  1700 l  -202  1650 l  -208  1600 l  -215  1550 l  -222  1500 l  
   -229  1450 l  -238  1400 l  -246  1350 l  -256  1300 l  -266  1250 l  -277  1200 l  
   -289  1150 l  -303  1100 l  -317  1050 l  -333  1000 l  -333  1000 l  -338  1050 l  
   -343  1100 l  -348  1150 l  -352  1200 l  -357  1250 l  -361  1300 l  -364  1350 l  
   -368  1400 l  -371  1450 l  -375  1500 l  -378  1550 l  -380  1600 l  -383  1650 l  
   -386  1700 l  -388  1750 l  -391  1800 l  -393  1850 l  -395  1900 l  -397  1950 l  
   -400  2000 l P
NP -2000  167 m  -2000  166 l  -1950  170 l  -1900  175 l  -1850  180 l  -1800  185 l  
  -1750  190 l  -1700  196 l  -1650  202 l  -1600  208 l  -1550  215 l  -1500  222 l  
  -1450  229 l  -1400  238 l  -1350  246 l  -1300  256 l  -1250  266 l  -1200  277 l  
  -1150  289 l  -1100  303 l  -1050  317 l  -1000  333 l  -1000  333 l  -1050  338 l  
  -1100  343 l  -1150  348 l  -1200  352 l  -1250  357 l  -1300  361 l  -1350  364 l  
  -1400  368 l  -1450  371 l  -1500  375 l  -1550  378 l  -1600  380 l  -1650  383 l  
  -1700  386 l  -1750  388 l  -1800  391 l  -1850  393 l  -1900  395 l  -1950  397 l  
  -2000  400 l P
NP  167 -2000 m   166 -2000 l   170 -1950 l   175 -1900 l   180 -1850 l   185 -1800 l  
    190 -1750 l   196 -1700 l   202 -1650 l   208 -1600 l   215 -1550 l   222 -1500 l  
    229 -1450 l   238 -1400 l   246 -1350 l   256 -1300 l   266 -1250 l   277 -1200 l  
    289 -1150 l   303 -1100 l   317 -1050 l   333 -1000 l   333 -1000 l   338 -1050 l  
    343 -1100 l   348 -1150 l   352 -1200 l   357 -1250 l   361 -1300 l   364 -1350 l  
    368 -1400 l   371 -1450 l   375 -1500 l   378 -1550 l   380 -1600 l   383 -1650 l  
    386 -1700 l   388 -1750 l   391 -1800 l   393 -1850 l   395 -1900 l   397 -1950 l  
    400 -2000 l P
NP    0    0 m    0    0 l    50  -45 l   100  -83 l   150  -115 l   200  -142 l  
    250  -166 l   300  -187 l   350  -205 l   400  -222 l   450  -236 l   500  -250 l  
    550  -261 l   600  -272 l   650  -282 l   700  -291 l   750  -300 l   800  -307 l  
    850  -314 l   900  -321 l   950  -327 l  1000  -333 l  1000  -333 l   971  -343 l  
    942  -353 l   913  -365 l   884  -377 l   855  -389 l   826  -403 l   797  -418 l  
    768  -434 l   739  -451 l   710  -469 l   681  -489 l   652  -511 l   623  -535 l  
    594  -561 l   565  -589 l   536  -621 l   507  -657 l   478  -697 l   449  -742 l  
    420  -793 l   391  -852 l   362  -920 l   333 -1000 l   327  -950 l   321  -900 l  
    314  -850 l   307  -800 l   300  -750 l   291  -700 l   282  -650 l   272  -600 l  
    261  -550 l   250  -500 l   236  -450 l   222  -400 l   205  -350 l   187  -300 l  
    166  -250 l   142  -200 l   115  -150 l    83  -100 l    45  -50 l    0    0 l  
  P
NP    0    0 m    0    0 l   -45   50 l   -83  100 l  -115  150 l  -142  200 l  
   -166  250 l  -187  300 l  -205  350 l  -222  400 l  -236  450 l  -250  500 l  
   -261  550 l  -272  600 l  -282  650 l  -291  700 l  -300  750 l  -307  800 l  
   -314  850 l  -321  900 l  -327  950 l  -333  1000 l  -333  1000 l  -343  971 l  
   -353  942 l  -365  913 l  -377  884 l  -389  855 l  -403  826 l  -418  797 l  
   -434  768 l  -451  739 l  -469  710 l  -489  681 l  -511  652 l  -535  623 l  
   -561  594 l  -589  565 l  -621  536 l  -657  507 l  -697  478 l  -742  449 l  
   -793  420 l  -852  391 l  -920  362 l  -1000  333 l  -950  327 l  -900  321 l  
   -850  314 l  -800  307 l  -750  300 l  -700  291 l  -650  282 l  -600  272 l  
   -550  261 l  -500  250 l  -450  236 l  -400  222 l  -350  205 l  -300  187 l  
   -250  166 l  -200  142 l  -150  115 l  -100   83 l   -50   45 l    0    0 l  
  P
%% %% %%   Curves  %% %% %%
1    1    0    0 Y  %%  Blue
20 setlinewidth

NP  167 -2000 m   166 -2000 l   171 -1944 l   176 -1888 l   181 -1832 l   187 -1777 l  
    193 -1721 l   199 -1667 l   206 -1612 l   213 -1558 l   221 -1505 l   229 -1452 l  
    238 -1399 l   247 -1347 l   257 -1296 l   267 -1245 l   278 -1195 l   290 -1146 l  
    303 -1098 l   317 -1050 l   331 -1004 l   347  -958 l   364  -914 l   382  -871 l  
    401  -829 l   422  -789 l   444  -750 l   467  -712 l   492  -676 l   519  -641 l  
    547  -608 l   577  -577 l   608  -547 l   641  -519 l   676  -492 l   712  -467 l  
    750  -444 l   789  -422 l   829  -401 l   871  -382 l   914  -364 l   958  -347 l  
   1004  -331 l  1050  -317 l  1098  -303 l  1146  -290 l  1195  -278 l  1245  -267 l  
   1296  -257 l  1347  -247 l  1399  -238 l  1452  -229 l  1505  -221 l  1558  -213 l  
   1612  -206 l  1667  -199 l  1721  -193 l  1777  -187 l  1832  -181 l  1888  -176 l  
   1944  -171 l  2000  -166 l S
NP -167  2000 m  -166  2000 l  -171  1944 l  -176  1888 l  -181  1832 l  -187  1777 l  
   -193  1721 l  -199  1667 l  -206  1612 l  -213  1558 l  -221  1505 l  -229  1452 l  
   -238  1399 l  -247  1347 l  -257  1296 l  -267  1245 l  -278  1195 l  -290  1146 l  
   -303  1098 l  -317  1050 l  -331  1004 l  -347  958 l  -364  914 l  -382  871 l  
   -401  829 l  -422  789 l  -444  750 l  -467  712 l  -492  676 l  -519  641 l  
   -547  608 l  -577  577 l  -608  547 l  -641  519 l  -676  492 l  -712  467 l  
   -750  444 l  -789  422 l  -829  401 l  -871  382 l  -914  364 l  -958  347 l  
  -1004  331 l  -1050  317 l  -1098  303 l  -1146  290 l  -1195  278 l  -1245  267 l  
  -1296  257 l  -1347  247 l  -1399  238 l  -1452  229 l  -1505  221 l  -1558  213 l  
  -1612  206 l  -1667  199 l  -1721  193 l  -1777  187 l  -1832  181 l  -1888  176 l  
  -1944  171 l  -2000  166 l S
NP  500  2000 m   499  2001 l   509  1961 l   520  1922 l   531  1882 l   542  1844 l  
    553  1805 l   565  1767 l   578  1729 l   590  1692 l   604  1655 l   617  1618 l  
    631  1582 l   646  1547 l   661  1512 l   676  1477 l   692  1443 l   709  1410 l  
    726  1377 l   743  1344 l   761  1312 l   780  1281 l   799  1250 l   819  1220 l  
    840  1190 l   861  1161 l   882  1132 l   904  1105 l   927  1077 l   951  1051 l  
    975  1025 l  1000  1000 l  1025  975 l  1051  951 l  1077  927 l  1105  904 l  
   1132  882 l  1161  861 l  1190  840 l  1220  819 l  1250  799 l  1281  780 l  
   1312  761 l  1344  743 l  1377  726 l  1410  709 l  1443  692 l  1477  676 l  
   1512  661 l  1547  646 l  1582  631 l  1618  617 l  1655  604 l  1692  590 l  
   1729  578 l  1767  565 l  1805  553 l  1844  542 l  1882  531 l  1922  520 l  
   1961  509 l  2001  499 l S
NP -500 -2000 m  -499 -2001 l  -509 -1961 l  -520 -1922 l  -531 -1882 l  -542 -1844 l  
   -553 -1805 l  -565 -1767 l  -578 -1729 l  -590 -1692 l  -604 -1655 l  -617 -1618 l  
   -631 -1582 l  -646 -1547 l  -661 -1512 l  -676 -1477 l  -692 -1443 l  -709 -1410 l  
   -726 -1377 l  -743 -1344 l  -761 -1312 l  -780 -1281 l  -799 -1250 l  -819 -1220 l  
   -840 -1190 l  -861 -1161 l  -882 -1132 l  -904 -1105 l  -927 -1077 l  -951 -1051 l  
   -975 -1025 l  -1000 -1000 l  -1025  -975 l  -1051  -951 l  -1077  -927 l  -1105  -904 l  
  -1132  -882 l  -1161  -861 l  -1190  -840 l  -1220  -819 l  -1250  -799 l  -1281  -780 l  
  -1312  -761 l  -1344  -743 l  -1377  -726 l  -1410  -709 l  -1443  -692 l  -1477  -676 l  
  -1512  -661 l  -1547  -646 l  -1582  -631 l  -1618  -617 l  -1655  -604 l  -1692  -590 l  
  -1729  -578 l  -1767  -565 l  -1805  -553 l  -1844  -542 l  -1882  -531 l  -1922  -520 l  
  -1961  -509 l  -2001  -499 l S
NP  667  2000 m   666  2001 l   671  1961 l   675  1921 l   680  1882 l   686  1843 l  
    691  1804 l   697  1765 l   703  1727 l   710  1689 l   717  1651 l   724  1614 l  
    732  1577 l   740  1541 l   748  1505 l   757  1469 l   767  1434 l   777  1400 l  
    788  1366 l   799  1333 l   811  1301 l   824  1269 l   838  1238 l   852  1208 l  
    867  1179 l   884  1151 l   900  1123 l   918  1096 l   937  1071 l   957  1046 l  
    978  1022 l  1000  1000 l  1022  978 l  1046  957 l  1071  937 l  1096  918 l  
   1123  900 l  1151  884 l  1179  867 l  1208  852 l  1238  838 l  1269  824 l  
   1301  811 l  1333  799 l  1366  788 l  1400  777 l  1434  767 l  1469  757 l  
   1505  748 l  1541  740 l  1577  732 l  1614  724 l  1651  717 l  1689  710 l  
   1727  703 l  1765  697 l  1804  691 l  1843  686 l  1882  680 l  1921  675 l  
   1961  671 l  2001  666 l S
NP -667 -2000 m  -666 -2001 l  -671 -1961 l  -675 -1921 l  -680 -1882 l  -686 -1843 l  
   -691 -1804 l  -697 -1765 l  -703 -1727 l  -710 -1689 l  -717 -1651 l  -724 -1614 l  
   -732 -1577 l  -740 -1541 l  -748 -1505 l  -757 -1469 l  -767 -1434 l  -777 -1400 l  
   -788 -1366 l  -799 -1333 l  -811 -1301 l  -824 -1269 l  -838 -1238 l  -852 -1208 l  
   -867 -1179 l  -884 -1151 l  -900 -1123 l  -918 -1096 l  -937 -1071 l  -957 -1046 l  
   -978 -1022 l  -1000 -1000 l  -1022  -978 l  -1046  -957 l  -1071  -937 l  -1096  -918 l  
  -1123  -900 l  -1151  -884 l  -1179  -867 l  -1208  -852 l  -1238  -838 l  -1269  -824 l  
  -1301  -811 l  -1333  -799 l  -1366  -788 l  -1400  -777 l  -1434  -767 l  -1469  -757 l  
  -1505  -748 l  -1541  -740 l  -1577  -732 l  -1614  -724 l  -1651  -717 l  -1689  -710 l  
  -1727  -703 l  -1765  -697 l  -1804  -691 l  -1843  -686 l  -1882  -680 l  -1921  -675 l  
  -1961  -671 l  -2001  -666 l S
NP -2000  400 m  -2000  400 l  -1923  396 l  -1846  393 l  -1770  389 l  -1693  386 l  
  -1618  381 l  -1542  377 l  -1467  372 l  -1392  367 l  -1317  362 l  -1243  356 l  
  -1169  350 l  -1096  343 l  -1024  335 l  -952  327 l  -881  318 l  -810  309 l  
   -741  298 l  -673  286 l  -606  273 l  -540  259 l  -476  243 l  -413  226 l  
   -353  206 l  -294  185 l  -238  161 l  -184  135 l  -134  105 l   -86   73 l  
    -41   38 l    0    0 l    38  -41 l    73  -86 l   105  -134 l   135  -184 l  
    161  -238 l   185  -294 l   206  -353 l   226  -413 l   243  -476 l   259  -540 l  
    273  -606 l   286  -673 l   298  -741 l   309  -810 l   318  -881 l   327  -952 l  
    335 -1024 l   343 -1096 l   350 -1169 l   356 -1243 l   362 -1317 l   367 -1392 l  
    372 -1467 l   377 -1542 l   381 -1618 l   386 -1693 l   389 -1770 l   393 -1846 l  
    396 -1923 l   400 -2000 l S
NP 2000 -400 m  2000  -400 l  1923  -396 l  1846  -393 l  1770  -389 l  1693  -386 l  
   1618  -381 l  1542  -377 l  1467  -372 l  1392  -367 l  1317  -362 l  1243  -356 l  
   1169  -350 l  1096  -343 l  1024  -335 l   952  -327 l   881  -318 l   810  -309 l  
    741  -298 l   673  -286 l   606  -273 l   540  -259 l   476  -243 l   413  -226 l  
    353  -206 l   294  -185 l   238  -161 l   184  -135 l   134  -105 l    86  -73 l  
     41   -38 l    0    0 l   -38   41 l   -73   86 l  -105  134 l  -135  184 l  
   -161   238 l  -185  294 l  -206  353 l  -226  413 l  -243  476 l  -259  540 l  
   -273   606 l  -286  673 l  -298  741 l  -309  810 l  -318  881 l  -327  952 l  
   -335  1024 l  -343  1096 l  -350  1169 l  -356  1243 l  -362  1317 l  -367  1392 l  
   -372  1467 l  -377  1542 l  -381  1618 l  -386  1693 l  -389  1770 l  -393  1846 l  
   -396  1923 l  -400  2000 l S
%% %% %%   Axes  %% %% %%
0    0    0    1 Y  %%  Black
18 setlinewidth

NP -2400    0 m  2400    0 l S
NP -2330  -70 m -2400    0 l -2330   70 l S
NP  2330  -70 m  2400    0 l  2330   70 l S
NP    0 -2400 m    0  2400 l S 
NP  -70 -2330 m    0 -2400 l   70 -2330 l S
NP  -70  2330 m    0  2400 l   70  2330 l S
10 setlinewidth

NP -1000  -50 m -1000   50 l S
NP  1000  -50 m  1000   50 l S
NP  -50 -1000 m   50 -1000 l S
NP  -50  1000 m   50  1000 l S
%% %% %%   Dot   %% %% %%
%   0 0.482353 0.482353 0.356863 Y  %%  Brown
%80 setlinewidth
%NP -500 340 m -500 340 l S

%25 setlinewidth
%   1 0.4 1 0 Y  %%  Green
%NP  780  400 m  920 400 l S
%NP  850  330 m  850 470 l S

   0 0 0 1 Y  
12 setlinewidth
 [100] 0 setdash
NP -1000 -2050 m -1000  2050 l S
NP  1000 -2050 m  1000  2050 l S
NP -2050 -1000 m  2050 -1000 l S
NP -2050  1000 m  2050  1000 l S

%20 setlinewidth
%   0 1 1 0 Y  %%  Red
% [1 49] 0 setdash
% NP -2000 -2000 m 2000 2000 l S


showpage
grestore
end
